-0.98453,-0.93511,-0.78643,0.44443,0.080399,0.98606,-0.9999,-0.94202,-0.11479,0.28277,0.33624,0.28191,-0.75962,0.84695,0.89321,-0.94202,-0.66574,-0.76895,-0.9907,-0.66574,-0.99954,-0.9996,-0.90767,-0.14219,-0.012947,-0.88136,-0.88211,-0.88042,-0.27364,-0.99264,1
-0.96873,-0.79888,-0.89446,0.31352,-0.52963,0.98286,-0.99984,-0.7346,-0.75211,-0.16917,-0.39983,-0.42434,-0.86645,0.85266,0.85266,-0.7346,-0.48255,-0.60921,-0.99818,-0.48255,-0.99961,-0.99961,-0.98233,-0.33972,0.31266,-0.92091,-0.8905,-0.95856,-0.77905,-0.99604,1
-0.98552,-0.94591,-0.71972,0.61931,0.25431,0.9877,-0.99979,-0.98693,0.030004,0.37292,0.37705,0.328,-0.72314,0.91047,0.91047,-0.98693,-0.70413,-0.81629,-0.95778,-0.70413,-0.9996,-0.9996,-0.49582,-0.063093,-0.24862,-0.91103,-0.8905,-0.93645,-0.087024,-0.9905,1
-0.99635,-0.98753,-0.72803,0.46218,0.22954,0.98728,-0.99929,-0.98263,0.13349,0.44062,0.38481,0.34128,-0.68862,0.91765,0.91765,-0.98263,-0.55398,-0.6952,-0.9683,-0.55398,-0.99977,-0.99977,-0.38445,-0.029903,-0.30254,-0.91194,-0.8905,-0.93849,0.077135,-0.99465,1
-0.98954,-0.9598,-0.79706,0.26293,0.05137,0.98544,-0.9999,-0.96593,0.014426,0.36743,0.37985,0.3416,-0.72896,0.91111,0.90914,-0.96593,-0.74568,-0.8008,-0.98397,-0.74568,-0.99944,-0.99951,-0.86565,-0.070139,-0.10203,-0.90544,-0.88818,-0.9268,-0.070212,-0.99131,1
-0.98807,-0.95069,-0.79924,0.35135,0.043044,0.98498,-0.99993,-0.96911,0.0054707,0.36031,0.37785,0.34077,-0.73138,0.9103,0.90867,-0.96911,-0.79296,-0.84772,-0.98229,-0.79296,-0.99929,-0.99937,-0.88497,-0.074118,-0.065717,-0.90192,-0.88805,-0.9191,-0.12304,-0.98834,1
-0.32433,-0.29072,-0.5817,-0.42153,0.33028,0.99229,-0.99639,-0.98422,0.068335,0.46281,0.40283,0.36048,-0.70795,0.91172,0.90915,-0.98422,-0.91575,-0.86746,-0.96508,-0.91575,-0.99886,-0.99965,-0.86879,0.075094,-0.35337,-0.91271,-0.88751,-0.94391,-0.028244,-0.98646,2
-0.25938,-0.25346,-0.51428,-0.35589,0.32337,0.99215,-0.99757,-0.98653,0.07126,0.45681,0.4,0.34787,-0.69795,0.91085,0.90938,-0.98653,-0.91741,-0.88153,-0.95902,-0.91741,-0.99915,-0.99966,-0.79653,0.084581,-0.51977,-0.9137,-0.88895,-0.94434,-0.053127,-0.98473,2
-0.86125,-0.68037,-0.67305,0.10294,-0.39729,0.96429,-0.99997,-0.98196,-0.22374,0.17397,0.26987,0.21801,-0.81597,0.88447,0.84095,-0.98196,-0.9241,-0.93264,-0.96949,-0.9241,-0.99893,-0.99919,-0.8883,-0.5863,-0.40341,-0.91902,-0.89215,-0.9523,-0.36034,-0.97242,1
-0.97203,-0.92915,-0.66994,0.23972,-0.16675,0.97875,-0.99995,-0.97612,-0.17213,0.23009,0.31071,0.25718,-0.80746,0.84659,0.84921,-0.97612,-0.87407,-0.89966,-0.97701,-0.87407,-0.99939,-0.99939,-0.83149,-0.31529,-0.49899,-0.90355,-0.89039,-0.91986,-0.29798,-0.9818,1
1,-0.64899,0.52427,-0.72161,0.31145,0.99124,-0.99851,-0.97048,0.083297,0.59075,0.43361,0.41006,-0.1401,0.90918,0.90918,-0.97048,-0.90831,-0.74141,-0.98146,-0.90831,-0.99996,-0.99996,0.49286,0.090809,-1,-0.9151,-0.8905,-0.94556,-0.065016,-0.99353,2
0.53749,-0.62108,0.18196,-0.68382,0.33722,0.99212,-0.99868,-0.97386,0.14807,0.72274,0.46482,0.43307,-0.012712,0.91071,0.91071,-0.97386,-0.90894,-0.76649,-0.97903,-0.90894,-0.99994,-0.99994,0.19074,0.21757,-0.98508,-0.91508,-0.8905,-0.94551,-0.014443,-0.99273,2
-0.97007,-0.92699,-0.50141,0.75363,0.15069,0.98637,-0.99996,-0.9823,0.020639,0.36631,0.38067,0.32789,-0.72128,0.91454,0.91454,-0.9823,-0.85174,-0.91461,-0.96889,-0.85174,-0.9995,-0.9995,-0.71803,-0.051299,-0.52167,-0.90741,-0.8905,-0.92834,-0.13691,-0.97845,1
-0.97286,-0.94086,-0.44239,0.73574,0.15571,0.98662,-0.99995,-0.95955,0.01704,0.36453,0.38323,0.33199,-0.72156,0.91249,0.91249,-0.95955,-0.7817,-0.87306,-0.98654,-0.7817,-0.9997,-0.9997,-0.79933,-0.065386,-0.57573,-0.9094,-0.8905,-0.93281,-0.15431,-0.98582,1
-0.69354,-0.021524,-0.61493,0.81829,0.59824,0.98938,-0.9859,-0.98076,0.44524,0.58457,0.40809,0.36507,-0.57315,0.93376,0.93376,-0.98076,-0.48673,-0.71436,-0.97141,-0.48673,-0.99981,-0.99981,-0.29833,0.069926,-0.36641,-0.91284,-0.8905,-0.94051,0.36726,-0.99423,2
-0.30823,1,-0.53156,0.96503,0.66354,0.98951,-0.9859,-0.96952,0.20352,0.45225,0.39686,0.34866,-0.65136,0.91781,0.91781,-0.96952,-0.43667,-0.70877,-0.98205,-0.43667,-0.99985,-0.99985,-0.46483,-0.019672,-0.42988,-0.91335,-0.8905,-0.94164,0.062036,-0.99436,2
-0.94792,-0.96369,-0.47399,-0.53739,0.35369,0.9905,-0.9998,-0.97275,0.043339,0.44198,0.39325,0.34351,-0.65735,0.90836,0.90835,-0.97275,-0.85394,-0.7229,-0.97989,-0.85394,-0.99988,-0.99989,-0.40552,-0.023345,-0.87673,-0.91491,-0.89047,-0.94516,-0.13502,-0.99402,2
-0.95084,-0.96995,-0.47788,-0.60796,0.35865,0.99069,-0.9998,-0.96379,0.031492,0.43128,0.39422,0.34424,-0.68203,0.90808,0.90802,-0.96379,-0.85724,-0.69032,-0.98494,-0.85724,-0.99982,-0.99988,-0.61043,-0.036539,-0.85546,-0.91487,-0.89036,-0.94521,-0.1496,-0.99475,2
-0.95209,-0.86354,-0.88835,-0.44828,-0.10865,0.98516,-0.23879,-0.95699,0.10422,0.52181,0.39407,0.3502,-0.70172,0.91733,0.91266,-0.95699,-0.51945,-0.21294,-0.98736,-0.51945,-0.99975,-0.99982,-0.76313,-0.044695,-0.22327,-0.91081,-0.88843,-0.93851,0.045024,-0.99852,2
-0.98268,-0.95695,-0.77997,-0.15668,0.13236,0.98658,1,-0.9781,0.24338,0.61474,0.40222,0.36024,-0.65518,0.92585,0.91796,-0.9781,-0.60914,-0.55769,-0.97491,-0.60914,-0.99972,-0.99981,-0.58672,0.027654,-0.28129,-0.91185,-0.8887,-0.94053,0.17967,-0.99661,2
-0.96148,-0.81695,-0.75126,0.87312,0.19119,0.98697,-0.99951,-0.94226,0.021749,0.36592,0.37671,0.32295,-0.72763,0.9178,0.91681,-0.94226,0.13853,-0.38398,-0.99066,0.13853,-0.99988,-0.99988,-0.65806,-0.081428,-0.031924,-0.89432,-0.89025,-0.89935,-0.083176,-0.99784,1
-0.97329,-0.87543,-0.77453,0.68969,0.10945,0.98671,-0.99966,-0.935,0.014958,0.36373,0.37698,0.32323,-0.72933,0.91812,0.91316,-0.935,-0.085206,-0.45431,-0.99173,-0.085206,-0.99984,-0.99985,-0.76218,-0.081587,-0.015918,-0.88706,-0.88848,-0.88531,-0.091823,-0.99744,1
-0.97943,-0.89971,-0.7949,0.6351,0.040571,0.98642,-0.99975,-0.91225,-0.018889,0.34486,0.3713,0.3153,-0.73724,0.90194,0.90194,-0.91225,-0.20188,-0.50894,-0.99395,-0.20188,-0.99982,-0.99982,-0.84974,-0.088406,-0.012217,-0.88566,-0.8905,-0.87967,-0.13714,-0.99705,2
-0.98831,-0.94277,-0.81733,0.49433,-0.024779,0.98599,-0.99961,-0.96562,0.0011767,0.35679,0.37466,0.32042,-0.73258,0.91245,0.91245,-0.96562,-0.36166,-0.57256,-0.98412,-0.36166,-0.99977,-0.99977,-0.63731,-0.083426,-0.0068316,-0.88177,-0.8905,-0.87096,-0.16786,-0.99646,2
-0.99145,-0.98435,-0.8065,-0.45764,0.10404,0.98621,-0.99951,-0.96062,0.28781,0.80675,0.45061,0.43286,-0.59958,0.91992,0.91748,-0.96062,-0.69266,-0.48931,-0.98617,-0.69266,-0.99975,-0.99982,-0.74211,0.084089,-0.51342,-0.91382,-0.88992,-0.94341,0.23171,-0.9972,2
-0.85918,-0.80321,-0.68,-0.38251,0.25631,0.98814,-0.99974,-0.97044,0.15523,0.57641,0.42491,0.39058,-0.6222,0.91239,0.91202,-0.97044,-0.80859,-0.71524,-0.98148,-0.80859,-0.99974,-0.99978,-0.67566,0.064952,-0.68941,-0.91448,-0.89031,-0.94441,0.046664,-0.99421,2
-0.97583,-0.88389,-0.96311,-0.49235,-0.63904,0.97855,-0.99973,-0.89968,0.0051269,0.37308,0.38321,0.37253,-0.7316,0.95616,0.95616,-0.89968,-0.70909,-0.48901,-0.99474,-0.70909,-0.99947,-0.99947,-0.95687,-0.077792,-0.027322,-0.70465,-0.8905,-0.47451,-0.067868,-0.9972,1
-0.67564,0.23055,-0.81735,0.13282,-0.090849,0.98537,-0.99916,-0.91819,0.082176,0.42351,0.40301,0.35983,-0.71134,0.93889,0.91813,-0.91819,-0.48802,-0.55667,-0.99349,-0.48802,-0.99974,-0.99978,-0.83295,-0.054836,-0.11424,-0.89625,-0.88583,-0.90914,-0.082245,-0.99662,1
-0.98845,-0.96033,-0.75619,0.3132,0.16954,0.98679,-0.99989,-0.98773,-0.032934,0.33371,0.37035,0.31439,-0.74123,0.90337,0.90532,-0.98773,-0.8129,-0.85866,-0.955,-0.8129,-0.99926,-0.99941,-0.70759,-0.10907,-0.127,-0.90722,-0.88761,-0.9315,-0.21042,-0.98736,2
-0.98966,-0.95788,-0.75497,0.57846,0.1754,0.98687,-0.9999,-0.99153,0.018226,0.36652,0.37636,0.32435,-0.72739,0.91,0.91,-0.99153,-0.83354,-0.89412,-0.93468,-0.83354,-0.99921,-0.99921,-0.60012,-0.057665,-0.1772,-0.90954,-0.8905,-0.93313,-0.13201,-0.9828,2
-0.99801,-0.9968,-0.71311,-0.22876,0.21923,0.98763,-0.99988,-0.97387,-0.18301,0.15289,0.32008,0.26617,-0.82534,0.90007,0.90078,-0.97387,-0.82732,-0.78843,-0.97901,-0.82732,-0.99961,-0.99967,-0.75197,-0.26437,-0.57654,-0.91408,-0.89021,-0.94364,-0.34116,-0.99187,1
-0.99183,-0.97505,-0.85069,-0.23389,-0.050081,0.98342,-0.99989,-0.94052,-0.51162,-0.22325,0.061479,0.018133,-0.90281,0.87331,0.87852,-0.94052,-0.8056,-0.76041,-0.99094,-0.8056,-0.99945,-0.9995,-0.9266,-0.54277,-0.32149,-0.91235,-0.89004,-0.93998,-0.54451,-0.99294,1
-0.90909,-0.76607,-0.52727,0.75605,0.61858,0.98802,-0.99928,-0.9434,0.77999,0.77067,0.44833,0.42997,-0.38674,0.94219,0.94219,-0.9434,0.21117,-0.30336,-0.99046,0.21117,-0.99995,-0.99995,-0.30268,0.028776,-0.49574,-0.91374,-0.8905,-0.94252,0.86828,-0.9982,2
-0.91941,-0.76834,-0.57035,0.80418,0.55573,0.9878,-0.99889,-0.94988,0.029867,0.37069,0.37659,0.32309,-0.71964,0.90904,0.90904,-0.94988,0.30196,-0.27005,-0.98919,0.30196,-0.99995,-0.99995,-0.24129,-0.080919,-0.43245,-0.91329,-0.8905,-0.9415,-0.088373,-0.99833,2
-0.33492,-0.36228,-0.15337,0.079744,0.60285,0.98925,-0.99884,-0.95662,0.5535,0.82165,0.46393,0.44892,-0.068398,0.92249,0.92249,-0.95662,-0.45263,-0.50469,-0.98747,-0.45263,-0.99996,-0.99996,0.10925,0.095108,-0.83543,-0.91483,-0.8905,-0.94495,0.51557,-0.99708,2
-0.060994,-0.021713,0.0047365,0.40595,0.77004,0.99083,-0.99932,-0.96727,0.5336,0.70658,0.45309,0.42809,-0.14298,0.92215,0.92215,-0.96727,-0.54727,-0.67906,-0.9833,-0.54727,-0.99995,-0.99995,0.11957,0.12524,-0.81807,-0.91479,-0.8905,-0.94487,0.48205,-0.99497,2
-0.13338,-0.44904,0.47799,0.22979,0.76455,0.99472,-0.99991,-0.84558,0.44009,0.68421,1,1,0.0673,0.91842,0.91842,-0.84558,-0.77566,-0.8199,-0.99668,-0.77566,-0.99994,-0.99994,-0.81414,0.26687,-0.90329,-0.91495,-0.8905,-0.94523,0.24496,-0.99029,2
0.46318,-0.25898,0.92669,0.2688,0.81784,0.99562,-0.99989,-0.94682,0.76421,0.90875,0.75355,0.69307,1,0.92605,0.92605,-0.94682,-0.78064,-0.82893,-0.98983,-0.78064,-0.99996,-0.99996,-0.31653,0.53567,-0.9305,-0.915,-0.8905,-0.94533,0.503,-0.98972,2
-0.96739,-0.90626,-0.67072,0.41436,0.25591,0.98753,-0.99906,-0.98464,0.091605,0.41613,0.38159,0.32907,-0.6962,0.91368,0.91343,-0.98464,-0.60999,-0.72506,-0.96412,-0.60999,-0.99977,-0.99978,-0.19348,-0.040781,-0.41733,-0.91274,-0.8904,-0.9404,-0.040009,-0.99397,1
-0.8177,-0.54774,-0.64188,0.30029,0.29832,0.98753,-0.99716,-0.9711,0.015025,0.3674,0.37589,0.32272,-0.72447,0.90827,0.90821,-0.9711,-0.3996,-0.54228,-0.98105,-0.3996,-0.99988,-0.99988,-0.28007,-0.079184,-0.49233,-0.91345,-0.89037,-0.94203,-0.11975,-0.99676,1
-0.96704,-0.89802,-0.81013,-0.060883,0.049976,0.98572,-0.9859,-0.97111,-0.035708,0.32495,0.36856,0.31812,-0.74478,0.90548,0.90548,-0.97111,-0.6845,-0.67588,-0.98105,-0.6845,-0.99969,-0.99969,-0.70916,-0.10128,-0.38519,-0.91301,-0.8905,-0.94088,-0.12362,-0.99503,2
-0.94054,-0.86187,-0.87421,-0.52339,-0.029935,0.98522,-0.9859,-0.96263,0.18674,0.68553,0.41443,0.38132,-0.6625,0.91784,0.91495,-0.96263,-0.63754,-0.32907,-0.98541,-0.63754,-0.99974,-0.99981,-0.73982,0.0089918,-0.39185,-0.91306,-0.88959,-0.94213,0.11281,-0.9981,2
-0.96911,-0.89296,-0.69459,0.60989,0.33422,0.98857,-0.99985,-0.98414,0.11654,0.42306,0.38773,0.34055,-0.69473,0.91619,0.91576,-0.98414,-0.71534,-0.82227,-0.96526,-0.71534,-0.99962,-0.99962,-0.57854,-0.0085377,-0.29168,-0.91196,-0.89038,-0.93868,-0.0091278,-0.99014,2
-0.97091,-0.91558,-0.63022,0.59038,0.43461,0.98963,-0.99987,-0.98205,0.29036,0.52553,0.41203,0.37459,-0.61816,0.92302,0.92302,-0.98205,-0.71699,-0.82126,-0.96932,-0.71699,-0.99971,-0.99971,-0.54842,0.10031,-0.42483,-0.91324,-0.8905,-0.94139,0.2048,-0.99021,2
-0.74907,-0.36504,-0.5176,0.75649,0.63291,0.99009,-0.99355,-0.98502,0.15461,0.43761,0.38512,0.33329,-0.66453,0.91451,0.91419,-0.98502,-0.57003,-0.75275,-0.96319,-0.57003,-0.99982,-0.99982,-0.035665,-0.019137,-0.4824,-0.91366,-0.89039,-0.94248,0.0079117,-0.99319,2
-0.045466,0.60649,-0.24677,0.75544,0.82716,0.99074,-0.99173,-0.97205,0.27693,0.50283,0.40537,0.35999,-0.54563,0.91651,0.91642,-0.97205,-0.49075,-0.70699,-0.9804,-0.49075,-0.99991,-0.99991,-0.091486,0.012829,-0.6764,-0.91445,-0.89047,-0.94414,0.1493,-0.9944,2
-0.93416,-0.72341,-0.79582,0.38913,-0.10628,0.98417,-0.99974,-0.98246,-0.005386,0.35286,0.37396,0.3206,-0.73397,0.9087,0.9087,-0.98246,-0.69287,-0.77982,-0.96861,-0.69287,-0.99956,-0.99956,-0.65416,-0.084274,-0.15438,-0.88815,-0.8905,-0.88523,-0.16268,-0.99223,1
-1,-0.99989,-0.89624,0.34512,-0.56606,0.9822,-0.99961,-0.97568,-0.70889,-0.12823,0.29991,0.24683,-0.8525,0.86343,0.86016,-0.97568,-0.53127,-0.65374,-0.97743,-0.53127,-0.99954,-0.99955,-0.74731,-0.34981,0.38486,-0.92031,-0.89067,-0.95701,-0.61353,-0.99541,1
-0.82047,-0.21129,-0.78314,0.53239,-0.059173,0.986,-0.99942,-0.94539,0.068048,0.39713,0.38488,0.34037,-0.71499,1,1,-0.94539,-0.24796,-0.50818,-0.99011,-0.24796,-0.99982,-0.99982,-0.74177,-0.068143,-0.11447,-0.84988,-0.8905,-0.79957,-0.064604,-0.99705,1
-0.94827,-0.79309,-0.72736,0.69196,0.060427,0.98647,-0.99965,-0.95651,0.027089,0.37041,0.37778,0.32676,-0.7247,0.92442,0.92442,-0.95651,-0.2491,-0.55265,-0.9875,-0.2491,-0.99984,-0.99984,-0.6417,-0.077742,-0.19619,-0.89123,-0.8905,-0.89213,-0.12671,-0.99666,1
-0.72428,-0.90975,-0.83301,-1,-0.25896,-1,-0.99984,-0.99929,-0.0045802,0.39065,0.38239,0.33089,-0.73309,0.90956,0.90719,-0.99929,-0.99934,-0.99299,-0.21267,-0.99934,-0.91571,-0.98939,-0.33941,1,-0.48772,-0.89492,-0.85854,-0.93996,-0.18624,-0.72673,1
-0.70768,-0.89233,-0.83266,-0.98743,-0.24932,0.95716,-0.94109,-0.95761,0.0075198,0.49229,0.40593,0.37715,-0.72774,0.91499,0.90775,-0.95761,-0.95708,-0.59356,-0.98717,-0.95708,-0.99824,-0.99977,-0.31972,-0.019735,-0.49417,-0.89948,-0.86624,-0.94064,-0.10517,-0.99623,1
-0.98558,-0.9428,-0.72026,0.72066,0.27316,0.98792,-0.99981,-0.98802,0.057773,0.38676,0.3792,0.32522,-0.71588,0.91393,0.91393,-0.98802,-0.71247,-0.8314,-0.9539,-0.71247,-0.99956,-0.99956,-0.49598,-0.045381,-0.20079,-0.91006,-0.8905,-0.93428,-0.11005,-0.98956,2
-0.99229,-0.96962,-0.71462,0.74751,0.28854,0.98849,-0.9999,-0.98998,0.057112,0.38588,0.37993,0.32598,-0.71603,0.91388,0.91388,-0.98998,-0.78948,-0.87834,-0.94481,-0.78948,-0.9994,-0.9994,-0.5587,-0.031026,-0.2025,-0.91006,-0.8905,-0.93427,-0.11316,-0.98516,2
-0.79264,-0.70722,-0.33757,0.28404,0.55857,0.99008,-0.99966,-0.97675,0.27949,0.55646,0.41123,0.35873,-0.574,0.91879,0.91662,-0.97675,-0.63907,-0.7216,-0.97639,-0.63907,-0.99983,-0.99989,-0.36092,0.054743,-0.60903,-0.91413,-0.88993,-0.94409,0.10306,-0.99406,2
-0.89678,-0.67047,-0.87976,-0.33347,-0.15454,0.98263,-0.9996,-0.96761,0.12816,0.52707,0.41247,0.36342,-0.68614,0.91581,0.91581,-0.96761,-0.76892,-0.6782,-0.98313,-0.76892,-0.99956,-0.99956,-0.81838,0.018331,-0.36606,-0.91263,-0.8905,-0.94003,-0.040474,-0.99499,2
-0.96401,-0.84595,-0.73712,0.76095,0.23532,0.98734,-0.99975,-0.981,0.018303,0.36501,0.37603,0.32132,-0.72817,0.91299,0.91076,-0.981,-0.57532,-0.75637,-0.97104,-0.57532,-0.99966,-0.99968,-0.59405,-0.074946,-0.073817,-0.90267,-0.88901,-0.91957,-0.12989,-0.99307,1
-0.95295,-0.83657,-0.71247,0.52795,0.28443,0.98786,-0.99968,-0.98451,0.00528,0.35915,0.37486,0.32063,-0.73109,0.90881,0.90799,-0.98451,-0.65849,-0.77605,-0.96442,-0.65849,-0.99961,-0.99968,-0.56316,-0.078949,-0.15311,-0.90845,-0.8884,-0.93328,-0.14509,-0.99238,1
-0.96471,-0.91236,-0.87217,-0.47559,0.011228,0.98477,-0.99955,-0.9692,0.20929,0.69562,0.43251,0.39152,-0.64125,0.91765,0.91699,-0.9692,-0.76895,-0.60501,-0.98224,-0.76895,-0.99965,-0.99967,-0.7675,0.080318,-0.48072,-0.91356,-0.89033,-0.94233,0.20628,-0.99609,2
-0.68337,-0.54989,-0.59043,-0.19766,0.31693,0.98834,-0.99937,-0.9685,0.35832,0.75262,0.4535,0.41349,-0.4415,0.91893,0.91893,-0.9685,-0.70664,-0.65295,-0.98264,-0.70664,-0.99986,-0.99986,-0.45212,0.13462,-0.7381,-0.91458,-0.8905,-0.9444,0.30723,-0.99542,2
-0.4347,-0.29703,-0.51144,-0.17714,0.40726,0.99625,-0.99938,-0.99228,-0.051036,0.30529,0.3645,0.30878,-0.77362,0.90576,0.90576,-0.99228,-0.92696,-0.91551,-0.92829,-0.92696,-0.99951,-0.99951,-0.3618,-0.1886,-0.77564,-0.9147,-0.8905,-0.94468,-0.22797,-0.97821,2
-0.49912,-0.3627,-0.48574,-0.11112,0.43655,0.98947,-0.99919,-0.96843,0.048583,0.40789,0.38566,0.33704,-0.68373,0.90869,0.90869,-0.96843,-0.69663,-0.67252,-0.98268,-0.69663,-0.99988,-0.99988,-0.36691,-0.052854,-0.76957,-0.91469,-0.8905,-0.94464,-0.10761,-0.99509,2
-0.97341,-0.90652,-0.78016,0.22432,0.13503,0.9863,-0.99986,-0.98371,0.019904,0.372,0.3782,0.32192,-0.72583,0.90915,0.90905,-0.98371,-0.79588,-0.83546,-0.96617,-0.79588,-0.99945,-0.99947,-0.71216,-0.061468,-0.28136,-0.91183,-0.89038,-0.93839,-0.16501,-0.98928,1
-0.97553,-0.93412,-0.79565,-0.1398,0.12175,0.98561,-0.99988,-0.98758,0.033554,0.39412,0.38185,0.32589,-0.72047,0.90976,0.90903,-0.98758,-0.87136,-0.85699,-0.95555,-0.87136,-0.99921,-0.99936,-0.74198,-0.028265,-0.33642,-0.91248,-0.88959,-0.94081,-0.14901,-0.98752,1
-0.98797,-0.94998,-0.7164,0.8305,0.37152,0.98855,-0.99988,-0.97562,-0.0020725,0.35406,0.37449,0.31912,-0.73306,0.9078,0.9078,-0.97562,-0.64334,-0.80277,-0.97749,-0.64334,-0.99963,-0.99963,-0.7103,-0.082893,-0.1605,-0.90896,-0.8905,-0.93182,-0.09715,-0.99121,1
-0.99364,-0.97265,-0.71685,0.8988,0.32681,0.98834,-0.99985,-0.98637,0.001563,0.35575,0.37448,0.31882,-0.73219,0.90859,0.90854,-0.98637,-0.68614,-0.83236,-0.95952,-0.68614,-0.99956,-0.99956,-0.55875,-0.080406,-0.12267,-0.90683,-0.89041,-0.92716,-0.13059,-0.98949,1
-0.82933,-0.88413,0.062704,-0.059642,0.56577,0.99959,-0.9998,-0.99414,0.052762,0.40903,0.38159,0.3305,-0.63256,0.90862,0.90862,-0.99414,-0.90886,-0.90649,-0.90545,-0.90886,-0.99978,-0.99978,0.93943,0.032745,-0.89356,-0.91493,-0.8905,-0.94518,-0.091447,-0.9804,2
-0.95514,-0.96573,0.11104,0.13769,0.6476,1,-0.99978,-0.99464,0.076787,0.41892,0.38227,0.32986,-0.62857,0.9094,0.90932,-0.99464,-0.89304,-0.90774,-0.8967,-0.89304,-0.99976,-0.9998,0.84816,0.054796,-0.84493,-0.91484,-0.89041,-0.94507,-0.076244,-0.98012,2
-0.98957,-0.95134,-0.76791,0.73593,0.13251,0.98677,-0.99969,-0.94963,-0.003457,0.35349,0.37423,0.31948,-0.73363,0.90921,0.90839,-0.94963,-0.17988,-0.52311,-0.98925,-0.17988,-0.99982,-0.99983,-0.72205,-0.085024,-0.021443,-0.88984,-0.88902,-0.89085,-0.17753,-0.99693,2
-0.98921,-0.94834,-0.76721,0.78797,0.13484,0.98677,-0.99976,-0.94186,0.0026594,0.35662,0.37531,0.32191,-0.73221,0.91219,0.91124,-0.94186,-0.22745,-0.56315,-0.99072,-0.22745,-0.99981,-0.99981,-0.77558,-0.083559,-0.017345,-0.88783,-0.88994,-0.88522,-0.16593,-0.99656,2
-0.91557,-0.72716,-0.69127,0.50694,0.32325,0.98741,-0.99948,-0.94158,0.12598,0.4335,0.39107,0.34123,-0.68751,0.91583,0.91583,-0.94158,-0.08811,-0.39419,-0.99077,-0.08811,-0.9999,-0.9999,-0.59813,-0.060085,-0.35765,-0.91255,-0.8905,-0.93986,-0.006026,-0.99779,2
-0.86777,-0.63432,-0.65266,0.42042,0.36284,0.98769,-0.99941,-0.95566,0.33631,0.57494,0.41579,0.37147,-0.59307,0.92468,0.92468,-0.95566,-0.26516,-0.48404,-0.98775,-0.26516,-0.9999,-0.9999,-0.37313,-0.0032943,-0.45572,-0.91341,-0.8905,-0.94178,0.20799,-0.99724,2
0.11565,0.4496,-0.081626,0.62486,0.83657,0.99126,-0.99938,-0.96376,0.16926,0.45264,0.40238,0.35641,-0.57913,0.91231,0.91231,-0.96376,-0.54601,-0.71901,-0.98495,-0.54601,-0.99993,-0.99993,-0.083269,-0.016984,-0.76404,-0.91468,-0.8905,-0.94461,0.028354,-0.99412,2
0.079792,0.38207,-0.045951,0.66134,0.86111,0.99342,-0.99944,-0.97932,0.14384,0.43626,0.39394,0.34453,-0.59936,0.91152,0.91152,-0.97932,-0.68586,-0.80959,-0.97342,-0.68586,-0.99989,-0.99989,0.13254,-0.00048255,-0.76811,-0.91469,-0.8905,-0.94463,-0.0065179,-0.99086,2
-0.95117,-0.89148,-0.65024,0.13328,0.35715,0.98926,-0.99978,-0.98517,0.05776,0.40391,0.38232,0.33405,-0.70101,0.90963,0.90963,-0.98517,-0.7713,-0.80204,-0.96283,-0.7713,-0.9997,-0.9997,-0.38238,-0.034905,-0.56831,-0.91407,-0.8905,-0.94326,-0.0088818,-0.99125,1
-0.96508,-0.93137,-0.60019,0.12888,0.41011,0.99019,-0.99976,-0.98733,0.01088,0.3664,0.37595,0.32239,-0.72364,0.90771,0.90771,-0.98733,-0.78776,-0.81563,-0.95644,-0.78776,-0.99971,-0.99971,-0.26791,-0.069915,-0.62124,-0.91427,-0.8905,-0.9437,-0.11262,-0.99053,1
-0.99086,-0.95447,-0.76032,0.91028,0.18671,0.98705,-0.99991,-0.99046,0.010726,0.36022,0.37536,0.32021,-0.73044,0.92572,0.92572,-0.99046,-0.78926,-0.88808,-0.94206,-0.78926,-0.99926,-0.99926,-0.63224,-0.069929,0.011352,-0.856,-0.8905,-0.81328,-0.1653,-0.98378,1
-0.98731,-0.93854,-0.7515,0.9127,0.195,0.98714,-0.99979,-0.99198,0.020719,0.36512,0.37556,0.32139,-0.72797,0.92004,0.92004,-0.99198,-0.75884,-0.87209,-0.93101,-0.75884,-0.9994,-0.9994,-0.48178,-0.06466,-0.017753,-0.88873,-0.8905,-0.88654,-0.14011,-0.98593,1
-0.99773,-0.99126,-0.82954,0.12028,-0.038399,0.98513,-0.9998,-0.96562,0.043003,0.39253,0.38361,0.33833,-0.72001,0.91214,0.91214,-0.96562,-0.64082,-0.68579,-0.98412,-0.64082,-0.99965,-0.99965,-0.78378,-0.060769,-0.20593,-0.91033,-0.8905,-0.93488,-0.0026919,-0.99484,2
-0.99836,-0.9931,-0.81519,0.31823,-0.036681,0.98463,-0.99982,-0.98311,0.024772,0.37398,0.37769,0.3235,-0.72607,0.91241,0.91241,-0.98311,-0.72103,-0.79002,-0.96739,-0.72103,-0.99952,-0.99952,-0.68368,-0.065008,-0.12873,-0.90657,-0.8905,-0.92647,-0.081563,-0.99181,2
-0.94952,-0.86204,-0.55736,0.76118,0.58435,0.98888,-0.99969,-0.96913,0.49806,0.61979,0.4245,0.40171,-0.54055,0.93372,0.93117,-0.96913,-0.37702,-0.64266,-0.98228,-0.37702,-0.99986,-0.99987,-0.43008,0.057406,-0.41397,-0.91323,-0.89023,-0.94171,0.60955,-0.99558,2
-0.98042,-0.93898,-0.59904,0.85058,0.53507,0.98976,-0.99975,-0.98568,0.30585,0.51006,0.39781,0.35304,-0.62391,0.92663,0.9257,-0.98568,-0.62296,-0.79364,-0.96148,-0.62296,-0.99974,-0.99974,-0.31429,0.06106,-0.35979,-0.91268,-0.89037,-0.94031,0.24126,-0.99164,2
-0.74879,-0.53935,-0.42176,0.48548,0.64045,0.9907,-0.99976,-0.97526,0.27725,0.52892,0.41275,0.37581,-0.56019,0.91697,0.91689,-0.97526,-0.63366,-0.75333,-0.97783,-0.63366,-0.99985,-0.99985,-0.33254,0.051589,-0.64592,-0.91435,-0.89048,-0.94392,0.18855,-0.99317,2
-0.95579,-0.84287,-0.79119,0.18383,0.068614,0.9859,-0.99968,-0.98021,0.10753,0.44013,0.38828,0.3398,-0.6979,0.91594,0.91584,-0.98021,-0.68258,-0.73606,-0.97221,-0.68258,-0.99965,-0.99965,-0.62715,-0.021549,-0.28587,-0.91178,-0.89047,-0.93816,-0.034216,-0.99368,2
-0.99177,-0.98937,-0.77569,-0.57949,0.17794,0.98691,-0.99984,-0.96513,-0.0035275,0.36039,0.37626,0.32814,-0.732,0.90719,0.90716,-0.96513,-0.86527,-0.72372,-0.98435,-0.86527,-0.99952,-0.99968,-0.84705,-0.079456,-0.60889,-0.91422,-0.88994,-0.94428,-0.14806,-0.994,1
-0.98273,-0.97363,-0.68643,-0.3156,0.27847,0.98943,-0.99988,-0.97991,-0.20142,0.10781,0.30761,0.25422,-0.83431,0.89942,0.90081,-0.97991,-0.88093,-0.83797,-0.97262,-0.88093,-0.99941,-0.99959,-0.77974,-0.37189,-0.57388,-0.91409,-0.88994,-0.94399,-0.31126,-0.9891,1
-0.98536,-0.95648,-0.68223,0.4262,0.32717,0.98905,-0.99989,-0.98601,-0.0047581,0.35321,0.37411,0.318,-0.73338,0.90722,0.90722,-0.98601,-0.79123,-0.85397,-0.96058,-0.79123,-0.99954,-0.99954,-0.51905,-0.082865,-0.40738,-0.91313,-0.8905,-0.94114,-0.18836,-0.9878,1
-0.97607,-0.88052,-0.86656,0.18887,-0.25669,0.98282,-0.99975,-0.97841,-1,-0.40948,0.23591,0.18544,-0.96055,-1,-1,-0.97841,-0.68473,-0.73888,-0.97454,-0.68473,-0.99949,-0.99949,-0.69761,-0.64111,0.012361,-0.79739,-0.8905,-0.6821,-1,-0.9936,1
-0.99602,-0.98428,-0.71942,0.73921,0.23275,0.98727,-0.99984,-0.96476,0.02918,0.37103,0.3791,0.32655,-0.72413,0.91194,0.91194,-0.96476,-0.50998,-0.71556,-0.98451,-0.50998,-0.99975,-0.99975,-0.71363,-0.07252,-0.19443,-0.90874,-0.8905,-0.93131,-0.12232,-0.9942,2
-0.98578,-0.96569,-0.5776,0.49168,0.45553,0.98801,-0.99966,-0.94483,0.20405,0.48277,0.40435,0.36546,-0.6358,0.91684,0.91684,-0.94483,-0.22648,-0.48119,-0.99021,-0.22648,-0.99992,-0.99992,-0.52043,-0.037614,-0.52401,-0.91377,-0.8905,-0.94257,0.11913,-0.99726,2
-0.95692,-0.88851,-0.9991,-0.89918,-0.28843,0.98127,-0.98512,-0.90427,-0.21729,-0.6755,0.20897,0.1596,-0.7822,0.66157,0.89762,-0.90427,-0.75389,0.30735,-0.99447,-0.75389,-0.99935,-0.99967,-0.96454,-0.23577,0.015708,-0.84291,-0.82757,-0.8619,-0.3185,-0.99949,2
-0.91566,-0.82924,-0.98459,-0.90294,-0.17149,0.98246,-0.97397,-0.87805,0.039205,0.59044,0.42433,0.36616,-0.72363,0.9333,0.90879,-0.87805,-0.76683,0.26222,-0.99572,-0.76683,-0.99933,-0.99973,-0.97462,-0.049933,-0.018268,-0.88247,-0.85615,-0.91507,-0.10576,-0.99944,2
-0.69671,-0.40442,-0.56923,0.20271,0.45185,0.98899,-0.9998,-0.91109,0.37098,0.63872,0.5464,0.57681,-0.51507,0.92065,0.92065,-0.91109,-0.60391,-0.67542,-0.99403,-0.60391,-0.99986,-0.99986,-0.81547,0.08301,-0.62431,-0.91428,-0.8905,-0.94374,0.31707,-0.99504,2
-0.78219,-0.65573,-0.57506,-0.063238,0.38475,0.98875,-0.99979,-0.9292,0.40183,0.74199,0.54762,0.57128,-0.50635,0.92229,0.92028,-0.9292,-0.66137,-0.65132,-0.99243,-0.66137,-0.99982,-0.99987,-0.80923,0.12778,-0.60781,-0.91422,-0.89012,-0.94406,0.34447,-0.99545,2
-0.3731,-0.38038,-0.094675,0.19524,0.6707,0.9937,-0.9998,-0.97926,0.075232,0.4147,0.38984,0.33929,-0.6384,0.9093,0.9093,-0.97926,-0.78304,-0.82118,-0.97349,-0.78304,-0.99987,-0.99987,-0.10955,-0.017925,-0.82922,-0.91482,-0.8905,-0.94493,-0.090696,-0.99021,2
0.04393,-0.12793,0.13837,0.25977,0.74111,0.99378,-0.99972,-0.977,0.098931,0.42889,0.39407,0.3418,-0.58844,0.90985,0.90985,-0.977,-0.75506,-0.8077,-0.97612,-0.75506,-0.99991,-0.99991,0.074549,-0.0086384,-0.86142,-0.91488,-0.8905,-0.94507,-0.074812,-0.99096,2
-0.99355,-0.99098,-0.72362,-0.42786,0.21257,0.98783,-0.99993,-0.80011,-0.30306,-0.082178,-0.68797,-0.70071,-0.79936,0.51424,0.89782,-0.80011,-0.88757,-0.82145,-0.9975,-0.88757,-0.99862,-0.99962,-0.9989,-0.5483,0.053256,-1,-1,-1,-0.44401,-0.99019,1
-0.98679,-0.97811,-0.71903,-0.32128,0.22365,0.98783,-0.99991,-0.93395,-0.017501,0.33945,0.36562,0.30986,-0.73678,0.898,0.90671,-0.93395,-0.85067,-0.79531,-0.99187,-0.85067,-0.99885,-0.99964,-0.97131,-0.096623,0.059156,-0.98004,-0.96966,-0.99289,-0.19935,-0.99157,1
-0.99824,-0.9939,-0.77915,0.26934,0.050835,0.98547,-0.99983,-0.98272,-0.091581,0.29083,0.36245,0.30681,-0.76083,0.8969,0.8969,-0.98272,-0.739,-0.79652,-0.96812,-0.739,-0.99957,-0.99957,-0.65472,-0.14223,-0.27423,-0.90973,-0.8905,-0.93355,-0.16736,-0.99151,1
-0.99849,-0.99486,-0.77957,0.25599,0.0020552,0.98449,-0.99983,-0.98728,-0.022793,0.34038,0.37189,0.31587,-0.73912,0.90489,0.90527,-0.98728,-0.78461,-0.83042,-0.95659,-0.78461,-0.99947,-0.99949,-0.62646,-0.097743,-0.24506,-0.90824,-0.88994,-0.9309,-0.13217,-0.98962,1
-0.69383,-0.69329,-0.032237,0.29958,0.64973,0.9935,-0.9999,-0.97487,0.18945,0.49059,0.42074,0.39582,-0.66909,0.92366,0.91294,-0.97487,-0.78591,-0.8367,-0.97817,-0.78591,-0.99949,-0.99987,-0.79685,0.077159,-0.31736,-0.91162,-0.88599,-0.94336,0.1113,-0.98919,2
-0.69729,-0.70682,-0.041662,0.24081,0.65127,0.99376,-0.9999,-0.97506,0.30993,0.58554,0.45159,0.41397,-0.60261,0.92383,0.91621,-0.97506,-0.79342,-0.83552,-0.978,-0.79342,-0.99961,-0.99987,-0.75131,0.18601,-0.46148,-0.91338,-0.88843,-0.94427,0.16019,-0.98927,2
-0.91749,-0.74654,-0.70314,0.37786,0.28878,0.98788,-0.86104,-0.98662,-0.0083915,0.35087,0.3736,0.3195,-0.73476,0.90702,0.90702,-0.98662,-0.653,-0.74934,-0.95875,-0.653,-0.99972,-0.99972,-0.29147,-0.086017,-0.39115,-0.91302,-0.8905,-0.94091,-0.1638,-0.99329,1
-0.99766,-0.99077,-0.76007,0.533,0.1446,0.98667,-0.9859,-0.98776,-0.0085142,0.35078,0.37359,0.31999,-0.73482,0.90702,0.90702,-0.98776,-0.61319,-0.74712,-0.95488,-0.61319,-0.99967,-0.99967,-0.34533,-0.086085,-0.18607,-0.90946,-0.8905,-0.93294,-0.10623,-0.99336,1
-0.99089,-0.97682,-0.81906,-0.26459,0.057001,0.98547,-0.99981,-0.96202,-0.41111,-0.12543,0.2486,0.19761,-0.86609,0.87891,0.88895,-0.96202,-0.75194,-0.68302,-0.98565,-0.75194,-0.99956,-0.99968,-0.84755,-0.37248,-0.30434,-0.91217,-0.88911,-0.94072,-0.39616,-0.9949,1
-0.98642,-0.94126,-0.90461,-0.2058,-0.31365,0.98126,-0.99984,-0.9512,-0.59506,-0.29744,0.14915,0.10496,-0.87054,0.55715,0.82064,-0.9512,-0.7414,-0.6913,-0.98889,-0.7414,-0.9994,-0.99947,-0.91605,-0.48637,-0.0045036,-0.87922,-0.88287,-0.87469,-0.60826,-0.99473,1
0.26036,0.19401,0.27884,0.6231,0.9453,0.99419,-0.99979,-0.95835,0.23969,0.49315,0.44016,0.42582,-0.43673,0.91374,0.91374,-0.95835,-0.68495,-0.80481,-0.98694,-0.68495,-0.99992,-0.99992,-0.32982,0.05297,-0.83794,-0.91484,-0.8905,-0.94497,0.16942,-0.99111,2
0.55036,0.68032,0.08113,0.57907,0.83404,0.99158,-0.99944,-0.95306,0.32789,0.5488,0.44963,0.43743,-0.38166,0.91685,0.91685,-0.95306,-0.57875,-0.73217,-0.98844,-0.57875,-0.99998,-0.99998,-0.30465,0.054855,-0.80931,-0.91476,-0.8905,-0.9448,0.28195,-0.99378,2
-0.99075,-0.9538,-0.77769,0.79768,0.088991,0.98634,-0.99961,-0.9842,-0.11443,0.2956,0.36594,0.31016,-0.75889,0.74658,0.74658,-0.9842,-0.55634,-0.75042,-0.96512,-0.55634,-0.99964,-0.99964,-0.53164,-0.12822,0.014453,-0.82214,-0.8905,-0.73749,-0.24714,-0.99326,1
-0.97525,-0.88126,-0.77041,0.76761,0.12523,0.98654,-0.99892,-0.98763,0.051792,0.38268,0.37738,0.32113,-0.72054,0.93041,0.93041,-0.98763,-0.60033,-0.77154,-0.95538,-0.60033,-0.99963,-0.99963,-0.43661,-0.059456,-0.028599,-0.89236,-0.8905,-0.89467,-0.1002,-0.99255,1
-0.94264,-0.88644,-0.71184,-0.16831,0.2493,0.98789,-0.99957,-0.98319,-0.26119,0.082793,0.33454,0.28005,-0.80615,0.88056,0.89786,-0.98319,-0.77949,-0.74737,-0.96722,-0.77949,-0.99943,-0.99973,-0.73151,-0.2883,-0.19068,-0.90998,-0.88576,-0.93997,-0.29168,-0.99335,1
-0.9254,-0.8436,-0.69462,-0.065214,0.28401,0.98772,-0.9992,-0.97294,0.22081,0.56985,0.40504,0.36255,-0.65827,0.92224,0.91562,-0.97294,-0.59964,-0.58699,-0.97975,-0.59964,-0.99974,-0.99985,-0.63929,0.015007,-0.32122,-0.91238,-0.88858,-0.94184,0.19033,-0.99631,1
-0.97155,-0.92798,-0.71247,0.091119,0.24699,0.98751,-0.99977,-0.96801,0.024988,0.3786,0.37967,0.32742,-0.72203,0.90885,0.90852,-0.96801,-0.64132,-0.67855,-0.98291,-0.64132,-0.99974,-0.99978,-0.68892,-0.069596,-0.41029,-0.91315,-0.88997,-0.94184,-0.063296,-0.99498,2
-0.77269,-0.40899,-0.65783,0.31068,0.22438,0.98736,-0.99977,-0.97138,0.0011111,0.35753,0.37536,0.32041,-0.73107,0.90772,0.90759,-0.97138,-0.68088,-0.7585,-0.98087,-0.68088,-0.99971,-0.99975,-0.67332,-0.080751,-0.42124,-0.91253,-0.88996,-0.94046,-0.13135,-0.993,2
-0.86281,-0.91126,-0.48208,-0.59074,0.35382,0.99001,-0.99965,-0.96838,-0.0077768,0.35236,0.37391,0.31918,-0.7335,0.90703,0.90703,-0.96838,-0.83012,-0.64396,-0.98271,-0.83012,-0.99988,-0.99989,-0.36965,-0.085253,-0.88677,-0.91492,-0.89046,-0.94521,-0.18065,-0.99556,2
-0.93719,-0.94441,-0.61088,-0.55745,0.32236,0.98917,-0.99964,-0.96843,0.010891,0.38626,0.38011,0.32987,-0.71149,0.90754,0.90753,-0.96843,-0.80833,-0.62293,-0.98268,-0.80833,-0.99985,-0.99986,-0.46537,-0.068164,-0.83734,-0.91483,-0.89047,-0.945,-0.15595,-0.99586,2
-0.99194,-0.98984,-0.88354,-0.78706,-0.49116,0.97982,-0.9859,-0.9529,0.097582,0.68602,0.40971,0.38891,-0.65359,0.91736,0.91614,-0.9529,-0.71913,-0.042317,-0.98848,-0.71913,-0.99985,-0.99987,-0.66741,-0.019397,-0.72469,-0.91337,-0.89017,-0.94211,-0.0034024,-0.99895,2
-0.95347,-0.8909,-0.78344,-0.22643,-0.25088,0.98084,-0.99978,-0.97597,0.043172,0.40931,0.38558,0.34296,-0.71042,0.91303,0.91269,-0.97597,-0.78961,-0.74292,-0.97716,-0.78961,-0.99964,-0.99965,-0.69977,-0.042683,-0.53031,-0.91171,-0.89035,-0.93816,-0.090417,-0.99348,2
-0.62295,0.018303,-0.62925,0.46994,0.42821,0.99013,-0.99042,-0.98794,0.2002,0.48218,0.39553,0.34783,-0.64689,0.91688,0.91688,-0.98794,-0.76718,-0.84169,-0.95422,-0.76718,-0.99964,-0.99964,-0.4009,0.072164,-0.46975,-0.91359,-0.8905,-0.94217,0.066177,-0.98882,2
-0.64936,-0.10953,-0.65175,0.29849,0.37224,0.98978,-0.99858,-0.9877,0.082614,0.41519,0.3848,0.33371,-0.69398,0.91103,0.91103,-0.9877,-0.79708,-0.8451,-0.95511,-0.79708,-0.9996,-0.9996,-0.45623,-0.0067804,-0.50355,-0.91378,-0.8905,-0.9426,-0.070217,-0.98855,2
-0.3847,-0.50402,0.1484,0.22388,0.71005,0.98815,-0.9859,-0.87241,0.86107,1,0.54551,0.55451,0.4913,0.94142,0.94142,-0.87241,0.30902,0.055558,-0.99592,0.30902,-1,-1,0.072173,0.031121,-0.86748,-0.91476,-0.8905,-0.9448,0.87918,-0.99914,2
-0.40044,-0.27326,-0.026014,0.60165,0.85403,0.98847,-0.9859,-0.8883,1,0.93656,0.54683,0.54666,0.21127,0.9415,0.9415,-0.8883,0.31888,-0.17254,-0.9953,0.31888,-0.99999,-0.99999,-0.18092,0.048833,-0.78225,-0.91464,-0.8905,-0.94454,1,-0.99864,2
-0.92404,-0.74493,-0.64602,0.7768,0.44825,0.98787,-0.99929,-0.96509,0.2974,0.51187,0.39856,0.35819,-0.63127,0.92833,0.92833,-0.96509,-0.13247,-0.50653,-0.98436,-0.13247,-0.99989,-0.99989,-0.37991,-0.023882,-0.33115,-0.91228,-0.8905,-0.93925,0.30034,-0.99707,2
-0.9925,-0.96852,-0.71323,0.87344,0.26277,0.98752,-0.99934,-0.9871,0.11866,0.41446,0.38134,0.32955,-0.7006,0.92911,0.92911,-0.9871,-0.57052,-0.76766,-0.9572,-0.57052,-0.99969,-0.99969,-0.33873,-0.033834,-0.14925,-0.90616,-0.8905,-0.92554,0.0020633,-0.99269,2
-0.70028,-0.68883,-0.24755,0.04526,0.57543,0.99314,-0.99975,-0.98581,0.053021,0.40391,0.38289,0.33418,-0.66741,0.90872,0.90872,-0.98581,-0.80927,-0.82222,-0.96114,-0.80927,-0.99987,-0.99987,0.089625,-0.02909,-0.81853,-0.9148,-0.8905,-0.94488,-0.10445,-0.99015,1
-0.9888,-0.98666,-0.46233,-0.09339,0.60559,0.99266,-0.99978,-0.98163,0.0069134,0.36597,0.37619,0.32413,-0.72065,0.90746,0.90746,-0.98163,-0.77748,-0.76403,-0.97003,-0.77748,-0.99985,-0.99985,-0.18133,-0.07381,-0.77551,-0.9147,-0.8905,-0.94467,-0.15869,-0.99281,1
-0.82481,-0.71206,-0.58971,-0.054533,0.38254,0.98725,-0.99807,-0.80148,0.32066,0.66201,0.44127,0.41902,-0.56104,0.9196,0.91775,-0.80148,0.95881,1,-0.99748,0.95881,-0.99998,-0.99999,-0.61916,-0.056466,-0.58433,-0.91414,-0.89007,-0.94395,0.24944,-1,1
-0.97289,-0.90829,-0.78123,0.16984,0.10928,0.98679,-0.99915,-0.87994,-0.0018922,0.35595,0.37475,0.32291,-0.73265,0.90747,0.90745,-0.87994,0.40671,0.18255,-0.99565,0.40671,-0.99994,-0.99994,-0.72203,-0.085292,-0.30619,-0.91219,-0.89037,-0.93922,-0.1638,-0.99934,1
-0.9938,-0.99628,-0.70622,-0.76229,-0.40359,0.93899,-0.99296,-0.99417,-0.0064608,0.35705,0.37429,0.31698,-0.73269,0.90759,0.90729,-0.99417,-0.96375,-0.88544,-0.90495,-0.96375,-0.99914,-0.99947,0.015266,-0.075586,-0.79748,-0.9114,-0.88794,-0.94046,-0.085657,-0.98418,1
-0.91738,-0.89897,-0.72356,-0.5433,-0.34442,0.96499,-0.96564,-0.99257,0.0022929,0.37009,0.3759,0.31971,-0.72798,0.91026,0.90829,-0.99257,-0.92884,-0.86357,-0.92556,-0.92884,-0.99933,-0.99955,-0.19953,-0.05905,-0.65691,-0.90855,-0.88667,-0.93563,-0.068547,-0.98687,1
-0.72641,-0.95919,-0.53259,-0.99191,0.20036,0.98876,-0.9859,-0.97905,0.035806,0.75642,0.4281,0.39274,-0.71658,0.90916,0.90802,-0.97905,-0.96537,-0.65847,-0.97376,-0.96537,-0.99734,-0.99987,-0.95734,0.1403,-0.45588,-0.9135,-0.88768,-0.94547,-0.096954,-0.99533,2
-0.73201,-0.9818,0.86138,-0.9154,0.25883,0.99354,-0.9859,-0.98937,0.016024,0.48259,0.38836,0.33748,-0.72458,0.90819,0.90756,-0.98937,-0.96403,-0.79212,-0.94803,-0.96403,-0.99749,-0.99996,-0.90282,0.034803,-0.46366,-0.91354,-0.88767,-0.94558,-0.10042,-0.99171,2
-0.9468,-0.77917,-0.85415,0.041728,-0.13279,0.97957,-0.99985,-0.99079,0.0048321,0.36236,0.37558,0.3293,-0.73171,0.91369,0.9086,-0.99079,-0.8738,-0.882,-0.93993,-0.8738,-0.99874,-0.99893,-0.76947,-0.067314,-0.011895,-0.88546,-0.8825,-0.88912,-0.12045,-0.98467,1
-0.95395,-0.82223,-0.90341,-0.29716,-0.2632,0.98058,-0.99985,-0.93913,0.18138,0.58461,0.48659,0.4456,-0.68388,0.9329,0.92482,-0.93913,-0.79243,-0.72402,-0.99115,-0.79243,-0.99934,-0.9994,-0.93979,0.075426,-0.14639,-0.90807,-0.88936,-0.93123,0.0049465,-0.99399,1
-0.63509,-0.67654,-0.13684,0.011722,0.67639,0.99194,-0.99811,-0.98252,0.0025574,0.36065,0.37492,0.32085,-0.72052,0.90731,0.90731,-0.98252,-0.70362,-0.7154,-0.9685,-0.70362,-0.99992,-0.99992,0.61415,-0.079476,-0.85046,-0.91485,-0.8905,-0.945,-0.16667,-0.99421,2
-0.27429,-0.20524,-0.16814,0.22514,0.75366,0.99354,-0.99197,-0.98465,0.29231,0.57516,0.40968,0.37167,-0.4224,0.91575,0.91575,-0.98465,-0.74043,-0.79088,-0.96409,-0.74043,-0.99988,-0.99988,0.30292,0.11847,-0.80684,-0.91476,-0.8905,-0.9448,0.21169,-0.99177,2
-0.96272,-0.81788,-0.74957,0.93957,0.19614,0.98703,-0.99975,-0.971,0.040052,0.3743,0.37843,0.32491,-0.72352,0.93247,0.93247,-0.971,-0.40941,-0.69087,-0.98112,-0.40941,-0.99974,-0.99974,-0.65412,-0.07159,-0.010651,-0.88383,-0.8905,-0.87557,-0.10346,-0.99474,2
-0.92218,-0.63024,-0.74663,0.90231,0.20933,0.98709,-0.99974,-0.96786,0.035196,0.37234,0.37836,0.32511,-0.72436,0.92096,0.92096,-0.96786,-0.40236,-0.68135,-0.98299,-0.40236,-0.99975,-0.99975,-0.67563,-0.073196,-0.039016,-0.89661,-0.8905,-0.90418,-0.1151,-0.99493,2
-0.97496,-0.88497,-0.72319,0.9844,0.28521,0.97867,-1,-1,-0.39679,0.16665,0.3517,0.29651,-0.83087,0.82105,0.82105,-1,-1,-1,-0.96347,-1,1,1,-0.34344,-0.083576,-0.071242,-0.90267,-0.8905,-0.91775,-0.52432,-0.98315,1
-0.9993,-0.99768,-0.64157,0.99348,0.20698,0.98714,-0.99984,-0.98136,-0.063685,0.32471,0.36849,0.31507,-0.75174,0.86375,0.86375,-0.98136,-0.59182,-0.79185,-0.97048,-0.59182,-0.99972,-0.99972,-0.50651,-0.10994,-0.25809,-0.87946,-0.8905,-0.86578,-0.21517,-0.99172,1
-0.81807,-0.72947,-0.27033,0.49433,0.71524,0.98937,-0.9859,-0.97652,0.1666,0.45933,0.38626,0.33725,-0.60104,0.91266,0.91266,-0.97652,-0.34168,-0.5592,-0.97662,-0.34168,-0.99995,-0.99995,0.59072,-0.039161,-0.7241,-0.91456,-0.8905,-0.94435,0.052157,-0.9966,1
-0.98952,-0.96648,-0.65695,0.65602,0.41002,0.98918,-0.9859,-0.99087,-0.0028086,0.35398,0.37393,0.31912,-0.7328,0.90737,0.90737,-0.99087,-0.69184,-0.81265,-0.93946,-0.69184,-0.99967,-0.99967,-0.075527,-0.082804,-0.35846,-0.91269,-0.8905,-0.94017,-0.16752,-0.9907,1
-0.98126,-0.96718,-1,-0.9647,-0.16055,0.88339,-0.99488,-0.99566,-0.051366,0.038864,0.33513,0.28061,-0.7441,0.88239,0.90553,-0.99566,-0.99021,-0.92287,-0.87232,-0.99021,-0.9825,-0.99409,-0.96703,-0.85685,0.067202,-0.95225,-0.93487,-0.97376,-0.20388,-0.97604,1
-0.97953,-0.96562,-0.98084,-0.92581,-0.11664,0.94933,-0.9859,-0.99219,-0.13013,-0.33811,0.29161,0.23887,-0.75951,0.88055,0.90295,-0.99219,-0.97653,-0.85632,-0.9291,-0.97653,-0.99222,-0.99765,-0.96255,-1,0.14037,-0.93011,-0.90931,-0.95585,-0.24014,-0.98758,1
-0.96777,-0.89567,-0.7571,0.22176,0.23478,0.98738,-0.99978,-0.96895,-0.20033,0.20737,0.34155,0.28678,-0.77801,0.08826,0.89519,-0.96895,-0.62314,-0.69563,-0.98238,-0.62314,-0.99957,-0.99973,-0.80402,-0.17591,0.024204,-0.65075,-0.71967,-0.56539,-0.33353,-0.99464,1
-0.97818,-0.90961,-0.80789,0.30288,0.072294,0.98609,-0.99977,-0.97389,-0.14223,0.25658,0.35475,0.29943,-0.76257,0.86948,0.89074,-0.97389,-0.62451,-0.71427,-0.979,-0.62451,-0.99953,-0.99965,-0.78519,-0.14893,0.1143,-0.93402,-0.89877,-0.97765,-0.29285,-0.99423,1
-0.99052,-0.97216,-0.7132,0.28923,0.2845,0.98788,-0.9998,-0.97654,0.023475,0.37355,0.37813,0.32677,-0.7244,0.90929,0.90872,-0.97654,-0.66415,-0.74192,-0.9766,-0.66415,-0.99967,-0.99973,-0.65997,-0.069267,-0.30325,-0.91211,-0.88968,-0.93987,-0.099347,-0.99351,1
-0.94732,-0.78542,-0.82074,0.20586,-0.014305,0.98534,-0.99978,-0.96719,-0.35125,0.091386,0.31048,0.25697,-0.83047,0.86952,0.86952,-0.96719,-0.63876,-0.70469,-0.98334,-0.63876,-0.99965,-0.99965,-0.77859,-0.25353,-0.18096,-0.90969,-0.8905,-0.93344,-0.42477,-0.99445,1
-0.96521,-0.90559,-0.79906,-0.14663,0.085133,0.98658,-0.9992,-0.92642,0.078241,0.44076,0.39036,0.34291,-0.71307,0.92459,0.91114,-0.92642,-0.22716,-0.13462,-0.99273,-0.22716,-0.99983,-0.9999,-0.81138,-0.066299,-0.084309,-0.9039,-0.88238,-0.93055,-0.073163,-0.99874,1
-0.98139,-0.95142,-0.88565,-0.4896,-0.24456,0.98425,-0.99901,-0.94067,0.027534,0.40925,0.38286,0.32715,-0.72431,0.91597,0.90937,-0.94067,-0.53074,-0.17946,-0.99092,-0.53074,-0.99975,-0.99984,-0.83588,-0.072537,-0.21766,-0.9033,-0.88353,-0.92778,-0.1581,-0.99862,1
-0.99711,-0.9923,-0.74866,0.072258,0.19012,0.98705,-0.99988,-0.94541,-0.075673,0.29418,0.34778,0.29275,-0.76208,0.90367,0.90367,-0.94541,-0.71229,-0.738,-0.9901,-0.71229,-0.9997,-0.9997,-0.84823,-0.12726,-0.4488,-0.91345,-0.8905,-0.94186,-0.22885,-0.99362,1
-0.99513,-0.98557,-0.74485,0.18755,0.18723,0.98702,-0.99983,-0.97321,-0.13556,0.25327,0.35155,0.29636,-0.78237,0.89987,0.89987,-0.97321,-0.687,-0.74049,-0.97954,-0.687,-0.99974,-0.99974,-0.68143,-0.15771,-0.39887,-0.91306,-0.8905,-0.94099,-0.2702,-0.99355,1
-0.96257,-0.89543,-0.75986,0.030646,0.1701,0.98689,-0.998,-0.97464,0.05609,0.40728,0.38047,0.32683,-0.70859,0.91017,0.91017,-0.97464,-0.51625,-0.54327,-0.97837,-0.51625,-0.99983,-0.99983,-0.43004,-0.062526,-0.44821,-0.91347,-0.8905,-0.94191,-0.10095,-0.99675,2
-0.89278,-0.70102,-0.69954,0.25509,0.29331,0.98761,-0.99684,-0.97688,0.21256,0.51204,0.39405,0.34652,-0.64471,0.91784,0.91784,-0.97688,-0.49316,-0.60071,-0.97625,-0.49316,-0.99984,-0.99984,-0.34091,-0.0091153,-0.45077,-0.91348,-0.8905,-0.94192,0.088518,-0.99615,2
-0.88429,-0.65552,-0.72978,0.22365,0.23282,0.98715,-0.99833,-0.95869,0.092297,0.42607,0.38456,0.33292,-0.69631,0.91238,0.91238,-0.95869,-0.22956,-0.37864,-0.98683,-0.22956,-0.99989,-0.99989,-0.4763,-0.063018,-0.41131,-0.9132,-0.8905,-0.94132,-0.040829,-0.99787,2
-0.98745,-0.97233,-0.73975,-0.13471,0.2117,0.98706,-0.9979,-0.94913,0.075112,0.43644,0.3844,0.3323,-0.70006,0.91102,0.91032,-0.94913,-0.20157,-0.11702,-0.98936,-0.20157,-0.99991,-0.99993,-0.52111,-0.067627,-0.4619,-0.91354,-0.88997,-0.94272,-0.048112,-0.99878,2
-0.93402,-0.8942,-0.60007,-0.099404,0.36667,0.98899,-0.99951,-0.9808,-0.11088,0.24971,0.35903,0.30353,-0.77344,0.90147,0.9037,-0.9808,-0.72647,-0.70819,-0.97135,-0.72647,-0.99966,-0.99983,-0.6066,-0.15211,-0.40397,-0.91315,-0.88882,-0.94328,-0.27935,-0.99437,1
-0.96199,-0.92374,-0.68528,-0.080753,0.30066,0.98816,-0.99797,-0.98337,-0.18816,0.17663,0.35325,0.29799,-0.79662,0.89573,0.90043,-0.98337,-0.70219,-0.68809,-0.96688,-0.70219,-0.99966,-0.9998,-0.54802,-0.19253,-0.34266,-0.91261,-0.88871,-0.9422,-0.34557,-0.9948,1
-0.98386,-0.92704,-0.72241,0.95862,0.28746,0.98783,-0.99779,-0.9904,0.030631,0.36956,0.37568,0.32148,-0.72499,0.91468,0.91468,-0.9904,-0.63513,-0.81078,-0.94243,-0.63513,-0.99961,-0.99961,-0.29569,-0.067147,-0.0855,-0.9043,-0.8905,-0.92139,-0.09778,-0.9908,1
-0.94358,-0.73946,-0.75708,0.78044,0.17939,0.98694,-0.99721,-0.98656,-0.23733,0.2305,0.35934,0.30383,-0.79118,0.85426,0.85426,-0.98656,-0.56225,-0.75148,-0.95895,-0.56225,-0.99968,-0.99968,-0.40911,-0.17835,-0.066973,-0.9021,-0.8905,-0.91646,-0.36181,-0.99323,1
-0.97939,-0.9738,-0.75855,-0.57345,0.17509,0.98687,-0.99974,-0.96964,-0.19612,-0.0011659,0.30268,0.24949,-0.89891,0.90144,0.90144,-0.96964,-0.83717,-0.66993,-0.98198,-0.83717,-0.99976,-0.99976,-0.6576,-0.28936,-0.76392,-0.91468,-0.8905,-0.94462,-0.2946,-0.99514,1
-0.9443,-0.90812,-0.7977,-0.51657,0.12612,0.98586,-0.99973,-0.97697,-0.13607,0.13484,0.33299,0.27856,-0.82225,0.90283,0.90283,-0.97697,-0.85338,-0.73177,-0.97615,-0.85338,-0.99965,-0.99965,-0.68198,-0.23954,-0.68858,-0.91448,-0.8905,-0.94418,-0.238,-0.99379,1
-0.93362,-0.93222,-0.50534,-0.32731,0.31212,0.98904,-0.99982,-0.97199,-0.12379,0.20341,0.33899,0.28431,-0.86201,0.90357,0.90357,-0.97199,-0.81087,-0.73873,-0.98045,-0.81087,-0.99985,-0.99985,-0.37662,-0.19361,-0.82057,-0.91477,-0.8905,-0.94483,-0.29028,-0.9936,2
-0.826,-0.77508,-0.32648,0.18751,0.54925,0.99466,-0.99984,-0.99123,0.21789,0.52459,0.40176,0.35968,-0.53597,0.91415,0.91415,-0.99123,-0.85703,-0.88146,-0.93692,-0.85703,-0.9998,-0.9998,0.061036,0.19348,-0.76484,-0.91465,-0.8905,-0.94455,0.1115,-0.98474,2
-0.92681,-0.8656,-0.36165,0.64303,0.71691,0.99018,-0.99946,-0.9808,0.0040017,0.35787,0.37458,0.32048,-0.73163,0.90933,0.90744,-0.9808,-0.50441,-0.69646,-0.97134,-0.50441,-0.99973,-0.9999,-0.5172,-0.08164,-0.098706,-0.90507,-0.8798,-0.93637,-0.12948,-0.99463,1
-0.9307,-0.81738,-0.54896,0.72367,0.5846,0.98975,-0.99954,-0.98384,-0.32741,0.17793,0.34929,0.29509,-0.80125,0.80715,0.89237,-0.98384,-0.56979,-0.74816,-0.96591,-0.56979,-0.99961,-0.99982,-0.59409,-0.21691,0.11001,-0.93611,-0.91007,-0.96835,-0.37462,-0.99333,1
-0.9576,-0.89496,-0.71335,0.060525,0.27121,0.98783,-0.99972,-0.97717,-0.22103,0.16982,0.3418,0.28701,-0.80478,0.89249,0.89785,-0.97717,-0.69061,-0.71541,-0.97594,-0.69061,-0.99965,-0.99975,-0.67332,-0.2073,-0.31139,-0.91226,-0.88903,-0.94101,-0.34559,-0.99421,1
-0.98309,-0.9374,-0.82175,0.085758,-0.0028216,0.98496,-0.99972,-0.98194,-0.13469,0.24564,0.35672,0.30132,-0.77247,0.89602,0.89677,-0.98194,-0.72622,-0.75352,-0.96951,-0.72622,-0.99958,-0.99959,-0.6698,-0.1674,-0.23649,-0.91108,-0.89032,-0.93679,-0.28518,-0.99316,1
-0.21879,-0.31509,0.47983,0.73546,1,0.99732,-0.99927,-0.96889,0.19518,0.46046,0.4281,0.38777,-0.47056,0.91244,0.91244,-0.96889,-0.76416,-0.86282,-0.98242,-0.76416,-0.9999,-0.9999,-0.27382,0.066379,-0.8527,-0.91486,-0.8905,-0.94503,0.042018,-0.98695,2
-0.2821,-0.27991,0.28808,0.73769,0.97265,0.99688,-0.99925,-0.97447,0.14192,0.43168,0.40633,0.35971,-0.56421,0.91115,0.91115,-0.97447,-0.76201,-0.86174,-0.97851,-0.76201,-0.99989,-0.99989,-0.21881,0.025503,-0.82617,-0.91481,-0.8905,-0.94492,-0.018611,-0.98706,2
-0.91703,-0.97204,0.64126,-0.3012,0.55387,0.99425,-0.99986,-0.97862,0.0065356,0.36947,0.37789,0.32634,-0.68492,0.90736,0.90736,-0.97862,-0.8472,-0.79581,-0.97429,-0.8472,-0.99995,-0.99995,0.74962,-0.068623,-0.96437,-0.91505,-0.8905,-0.94545,-0.16621,-0.99155,1
-0.83549,-0.95188,0.90563,-0.3069,0.55379,0.99562,-0.99989,-0.97937,0.0054755,0.36828,0.37817,0.32682,-0.68079,0.90733,0.90733,-0.97937,-0.87135,-0.82685,-0.97334,-0.87135,-0.99996,-0.99996,0.77719,-0.06679,-0.97459,-0.91506,-0.8905,-0.94548,-0.16813,-0.98986,1
-0.99007,-0.95185,-0.74108,0.98394,0.22354,0.98724,-0.9999,-0.93913,0.029389,0.36874,0.384,0.33358,-0.72595,0.92491,0.92491,-0.93913,-0.54954,-0.76923,-0.99115,-0.54954,-0.99966,-0.99966,-0.87869,-0.071242,-0.016648,-0.88712,-0.8905,-0.88293,-0.13932,-0.99263,2
-0.73673,0.21857,-0.72857,0.9639,0.26665,0.98709,-0.99921,-0.83392,0.048516,0.37807,0.38444,0.33431,-0.7208,0.92052,0.92052,-0.83392,0.77376,-0.082565,-0.99693,0.77376,-0.99993,-0.99993,-0.81204,-0.080451,-0.065106,-0.90174,-0.8905,-0.91565,-0.11266,-0.99887,2
-0.17316,-0.49552,0.69243,0.35482,0.84155,0.99749,-0.99987,-0.98507,0.11625,0.43554,0.39378,0.33967,-0.50227,0.91015,0.91015,-0.98507,-0.81277,-0.86261,-0.96306,-0.81277,-0.99991,-0.99991,0.75017,0.031573,-0.90866,-0.91496,-0.8905,-0.94525,-0.083119,-0.98697,2
0.34125,-0.26623,1,0.43327,0.89821,0.99977,-0.99986,-0.98707,0.11827,0.43251,0.3935,0.3386,-0.47114,0.91016,0.91016,-0.98707,-0.83289,-0.88365,-0.95731,-0.83289,-0.99991,-0.99991,1,0.047879,-0.92197,-0.91498,-0.8905,-0.9453,-0.08303,-0.98444,2
-0.98027,-0.93101,-0.73301,0.4442,0.23183,0.98723,-0.99969,-0.9674,0.019288,0.36858,0.377,0.32321,-0.7258,0.90899,0.90899,-0.9674,-0.46011,-0.62677,-0.98324,-0.46011,-0.9998,-0.9998,-0.60732,-0.077011,-0.29978,-0.91208,-0.8905,-0.93881,-0.13664,-0.99581,2
-0.97764,-0.91991,-0.72999,0.49546,0.24282,0.98719,-0.99955,-0.95658,0.013968,0.36471,0.37617,0.32213,-0.7277,0.90869,0.90869,-0.95658,-0.22977,-0.48463,-0.98748,-0.22977,-0.99986,-0.99986,-0.5887,-0.080959,-0.28235,-0.91186,-0.8905,-0.9383,-0.13569,-0.99723,2
-0.97039,-0.85305,-0.76053,0.89834,0.1725,0.9869,-0.99971,-0.98037,0.010348,0.36009,0.37512,0.32114,-0.7305,0.92285,0.92285,-0.98037,-0.50928,-0.73784,-0.97197,-0.50928,-0.99969,-0.99969,-0.58034,-0.079313,0.0058811,-0.86436,-0.8905,-0.83198,-0.14938,-0.99363,2
-0.98236,-0.91382,-0.75811,0.88374,0.17284,0.98691,-0.99958,-0.97608,0.025826,0.36787,0.3762,0.32134,-0.72683,0.92882,0.92882,-0.97608,-0.36078,-0.65599,-0.97706,-0.36078,-0.99977,-0.99977,-0.54383,-0.076625,-0.010147,-0.87721,-0.8905,-0.86075,-0.14269,-0.99537,2
-0.98825,-0.96384,-0.77946,0.069756,0.12008,0.9863,-0.99977,-0.98034,-0.031751,0.33117,0.37021,0.31708,-0.74332,0.9057,0.9057,-0.98034,-0.72684,-0.75071,-0.97201,-0.72684,-0.99964,-0.99964,-0.62797,-0.10108,-0.38467,-0.913,-0.8905,-0.94087,-0.1344,-0.99325,1
-0.99809,-0.99342,-0.86099,-0.1432,-0.11897,0.98329,-0.99982,-0.97194,-0.0035926,0.35591,0.37476,0.32319,-0.73326,0.90739,0.90739,-0.97194,-0.75663,-0.72849,-0.98048,-0.75663,-0.99953,-0.99953,-0.60031,-0.082485,-0.2802,-0.91174,-0.8905,-0.93805,-0.10694,-0.99388,1
-0.86732,-0.51509,-0.671,0.81709,0.41389,0.98863,-0.99987,-0.9573,0.20981,0.46332,0.41909,0.39268,-0.66688,0.92414,0.92414,-0.9573,-0.5843,-0.76851,-0.98727,-0.5843,-0.99973,-0.99973,-0.78187,0.0065961,-0.26922,-0.91164,-0.8905,-0.93781,0.16778,-0.99266,2
-0.86907,-0.50773,-0.70993,0.67261,0.284,0.98768,-0.99979,-0.97088,0.22172,0.47915,0.40586,0.36659,-0.66517,0.92797,0.92797,-0.97088,-0.57847,-0.74614,-0.9812,-0.57847,-0.99972,-0.99972,-0.68106,0.010308,-0.24719,-0.91096,-0.8905,-0.93629,0.13588,-0.99339,2
-0.99765,-0.99651,-0.5476,0.085884,0.30432,0.98787,-0.99974,-0.96591,0.014568,0.37004,0.37756,0.32853,-0.71944,0.90795,0.90795,-0.96591,-0.59667,-0.63692,-0.98398,-0.59667,-0.99989,-0.99989,-0.42109,-0.075987,-0.6773,-0.9143,-0.8905,-0.94376,-0.099134,-0.99567,2
-0.99801,-0.99578,-0.70438,0.024296,0.18133,0.98697,-0.99983,-0.97754,-0.18775,0.19325,0.34139,0.28671,-0.82164,0.89851,0.89851,-0.97754,-0.74653,-0.75934,-0.97555,-0.74653,-0.99974,-0.99974,-0.5998,-0.21086,-0.5439,-0.91379,-0.8905,-0.94262,-0.29231,-0.99297,2
-0.99374,-0.98572,-0.76088,-0.15449,0.14885,0.98651,-0.99987,-0.96542,-0.053687,0.30361,0.35859,0.30311,-0.75261,0.90462,0.9051,-0.96542,-0.7893,-0.76211,-0.98421,-0.7893,-0.99959,-0.99967,-0.8287,-0.12388,-0.43102,-0.91328,-0.88988,-0.94226,-0.19172,-0.99288,1
-0.9947,-0.98194,-0.87413,-0.24234,-0.14412,0.9808,-0.9999,-0.96878,-0.36765,-0.062992,0.22889,0.17871,-0.84172,0.87396,0.88142,-0.96878,-0.84289,-0.80446,-0.98248,-0.84289,-0.99924,-0.99931,-0.89624,-0.48945,-0.23441,-0.91084,-0.88977,-0.93693,-0.42663,-0.99113,1
-0.90798,-0.70363,-0.89359,-0.38728,-0.15972,0.98296,-0.99962,-0.95649,0.030939,0.40557,0.38734,0.34317,-0.72564,0.92718,0.90938,-0.95649,-0.74606,-0.61968,-0.98751,-0.74606,-0.99938,-0.9996,-0.90663,-0.058637,-0.010897,-0.88463,-0.87173,-0.9006,-0.12576,-0.99591,2
-0.88045,-0.68965,-0.86986,-0.44149,-0.051799,0.9847,-0.99933,-0.94969,0.040213,0.424,0.3898,0.34107,-0.72316,0.92364,0.90922,-0.94969,-0.69267,-0.50185,-0.98924,-0.69267,-0.99951,-0.99974,-0.89888,-0.058088,-0.039101,-0.89532,-0.87426,-0.9214,-0.12833,-0.9971,2
-0.97729,-0.89753,-0.92203,-0.27609,-0.22186,0.98279,-0.99966,-0.96688,-0.28009,0.025076,0.31025,0.25675,-0.8032,0.85426,0.85426,-0.96688,-0.71211,-0.62702,-0.9835,-0.71211,-0.9995,-0.9995,-0.84463,-0.25256,-0.088171,-0.90439,-0.8905,-0.9216,-0.2676,-0.99581,1
-0.9981,-0.9859,-0.96682,-0.21379,-0.89949,0.9743,-0.99977,-0.97171,-0.9551,-0.70482,0.16019,0.11281,-0.88227,0.85908,0.85908,-0.97171,-0.74557,-0.69353,-0.98064,-0.74557,-0.9991,-0.9991,-0.90347,-0.74267,0.49675,-0.91968,-0.8905,-0.95581,-0.7101,-0.99469,1
-0.99959,-1,-0.6726,-0.36228,0.27604,0.98875,-0.99986,-0.97327,-0.30224,-0.042628,0.27382,0.22184,-0.97127,0.89803,0.89803,-0.97327,-0.84045,-0.76913,-0.9795,-0.84045,-0.99973,-0.99973,-0.64915,-0.41091,-0.74024,-0.91462,-0.8905,-0.94449,-0.43256,-0.99263,1
-0.99935,-0.99942,-0.78355,-0.46409,0.14589,0.98625,-0.99987,-0.96647,-0.31424,-0.12423,0.22999,0.17976,-0.93767,0.89682,0.89682,-0.96647,-0.85526,-0.75705,-0.98371,-0.85526,-0.99963,-0.99963,-0.79416,-0.45878,-0.67697,-0.91445,-0.8905,-0.94411,-0.41574,-0.99305,1
-0.99302,-0.97217,-0.7996,0.3041,0.041279,0.98604,-0.99975,-0.96745,0.07191,0.4074,0.38526,0.33544,-0.7147,0.92382,0.91552,-0.96745,-0.54475,-0.65387,-0.98321,-0.54475,-0.99969,-0.99972,-0.74682,-0.054916,-0.081895,-0.90352,-0.88806,-0.92265,-0.07939,-0.99541,2
-0.99604,-0.98322,-0.78284,0.4953,0.090375,0.98641,-0.99973,-0.97138,0.10701,0.42235,0.38693,0.33659,-0.70465,0.92442,0.92298,-0.97138,-0.49725,-0.66356,-0.98086,-0.49725,-0.99973,-0.99974,-0.6654,-0.045542,-0.12228,-0.90711,-0.89027,-0.92796,-0.045748,-0.99525,2
-0.99498,-0.97462,-0.75231,1,0.18499,0.99596,-1,-0.99972,-0.0096514,0.35023,0.37328,0.3172,-0.73508,0.9033,0.9033,-0.99972,-0.99811,-0.99904,1,-0.99811,-0.91286,-0.91286,-0.89424,-0.18168,0.029322,-0.69012,-0.8905,-0.44199,-0.19263,1,2
-0.95096,-0.90064,-0.71193,-0.14613,0.068111,0.98509,-0.99976,-0.98533,0.028712,0.3894,0.3798,0.32868,-0.71765,0.90929,0.90885,-0.98533,-0.82133,-0.80006,-0.96242,-0.82133,-0.99959,-0.99966,-0.58918,-0.049252,-0.51834,-0.9133,-0.88991,-0.94226,-0.10846,-0.99135,2
-0.96397,-0.87022,-0.63538,0.9677,0.50197,0.98975,-0.9859,-0.99114,0.24864,0.47369,0.38705,0.33827,-0.65376,0.92639,0.92639,-0.99114,-0.65685,-0.82282,-0.93755,-0.65685,-0.99967,-0.99967,-0.095968,0.046182,-0.27904,-0.91182,-0.8905,-0.93822,0.16287,-0.99011,2
-0.81913,-0.51332,-0.55787,0.72669,0.57773,0.98802,-0.9859,-0.96334,0.5453,0.65043,0.41077,0.37559,-0.50079,0.9332,0.9332,-0.96334,0.10759,-0.3527,-0.98513,0.10759,-0.99994,-0.99994,-0.052846,0.0021259,-0.47159,-0.91359,-0.8905,-0.94218,0.60334,-0.99799,2
-0.90862,-0.90105,-0.5299,-0.31947,0.36372,0.99097,-0.99987,-0.97836,0.025484,0.3939,0.38454,0.34232,-0.70167,0.90799,0.90797,-0.97836,-0.86332,-0.81308,-0.97461,-0.86332,-0.99974,-0.99976,-0.54925,-0.042088,-0.79134,-0.91474,-0.89045,-0.94481,-0.10529,-0.99068,2
-0.99536,-0.99429,-0.58059,-0.22144,0.38941,0.99185,-0.99991,-0.98171,-0.0018288,0.35836,0.37556,0.32239,-0.72944,0.90721,0.90721,-0.98171,-0.87224,-0.84477,-0.96991,-0.87224,-0.99965,-0.99967,-0.5933,-0.076744,-0.73656,-0.91461,-0.89045,-0.94453,-0.13398,-0.98858,2
-0.82294,-0.88636,0.11635,-0.069231,0.60189,0.9948,-0.99992,-0.95779,0.033645,0.39124,0.39614,0.34024,-0.69154,0.9082,0.90807,-0.95779,-0.83956,-0.83384,-0.98712,-0.83956,-0.99983,-0.99991,-0.71726,-0.039638,-0.80377,-0.91477,-0.89021,-0.94517,-0.15367,-0.98939,1
-0.94819,-0.94091,-0.34129,0.021521,0.53061,0.99307,-0.99993,-0.96339,0.014665,0.37123,0.38371,0.3272,-0.71185,0.90767,0.90767,-0.96339,-0.82913,-0.83735,-0.9851,-0.82913,-0.99983,-0.99983,-0.66386,-0.06208,-0.79502,-0.91474,-0.8905,-0.94476,-0.1718,-0.98914,1
-0.99952,-0.99936,-0.72032,-0.043305,0.2275,0.98729,-0.99955,-0.97072,0.055293,0.41049,0.38289,0.33469,-0.70339,0.90965,0.90965,-0.97072,-0.59228,-0.58812,-0.9813,-0.59228,-0.99983,-0.99983,-0.49629,-0.058468,-0.5515,-0.91398,-0.8905,-0.94305,-0.095895,-0.99629,1
-0.99346,-0.97996,-0.9307,-0.56855,-0.24936,0.98023,-0.99973,-0.96168,-0.73503,-1,0.077044,0.033063,-1,0.8636,0.8636,-0.96168,-0.8096,-0.61763,-0.98578,-0.8096,-0.99951,-0.99951,-0.87267,-0.75948,-0.38248,-0.91287,-0.8905,-0.94057,-0.81408,-0.99593,1
-0.98309,-0.97663,-0.77918,-0.56618,0.14352,0.98639,-0.99981,-0.927,-0.27867,-0.14916,0.16773,0.12004,-0.95084,0.89863,0.89864,-0.927,-0.80579,-0.61169,-0.99267,-0.80579,-0.99978,-0.99978,-0.84077,-0.33153,-0.73825,-0.91461,-0.89049,-0.94447,-0.4189,-0.99601,1
-0.99039,-0.97694,-0.89653,-0.56897,-0.12253,0.98172,-0.99982,-0.94563,-0.5599,-0.67513,0.020659,-0.02102,-0.99048,0.88192,0.88199,-0.94563,-0.82775,-0.6538,-0.99006,-0.82775,-0.99955,-0.99955,-0.8984,-0.65099,-0.52175,-0.91378,-0.89049,-0.94262,-0.64568,-0.99541,1
-0.96443,-0.86168,-0.72516,0.65476,0.26336,0.9873,-0.99893,-0.97457,0.1828,0.45853,0.38755,0.33885,-0.67893,0.92481,0.92481,-0.97457,-0.29303,-0.56989,-0.97843,-0.29303,-0.99984,-0.99984,-0.40159,-0.038349,-0.21918,-0.91071,-0.8905,-0.93574,0.069688,-0.99649,2
-0.83168,-0.34895,-0.72126,0.66351,0.27539,0.98737,-0.99748,-0.97376,0.11423,0.41957,0.38343,0.33198,-0.69872,0.91819,0.91819,-0.97376,-0.33604,-0.59807,-0.97911,-0.33604,-0.99982,-0.99982,-0.45231,-0.053479,-0.22464,-0.91083,-0.8905,-0.93601,-0.030649,-0.99618,2
-0.79529,-0.56134,-0.48628,0.56422,0.63428,0.98965,-0.99903,-0.97901,0.46588,0.63252,0.41393,0.37561,-0.48314,0.92508,0.92508,-0.97901,-0.49925,-0.67878,-0.97381,-0.49925,-0.99988,-0.99988,-0.063032,0.081097,-0.58659,-0.91415,-0.8905,-0.94343,0.4258,-0.99498,2
-0.93523,-0.81783,-0.63541,0.51422,0.43538,0.98875,-0.99881,-0.98425,0.19339,0.4744,0.38886,0.33918,-0.65329,0.91696,0.91696,-0.98425,-0.57761,-0.72065,-0.96501,-0.57761,-0.9998,-0.9998,-0.19953,-0.001725,-0.44519,-0.91345,-0.8905,-0.94186,0.074266,-0.99408,2
-0.87412,0.12879,-0.92135,0.54261,-0.93959,0.98499,-0.99934,1,-0.58784,0.0021856,-1,-1,-0.80838,0.89002,0.89002,1,0.71035,0.1116,-1,0.71035,-0.99985,-0.99985,-1,-0.1459,0.84487,-0.91837,-0.8905,-0.95288,-0.688,-0.99923,1
-0.95047,-0.51887,-0.91664,0.74024,-1,0.98518,-0.99948,-0.21362,0.23354,0.48078,0.5667,0.50273,-0.70645,0.90105,0.90105,-0.21362,1,0.1602,-0.99957,1,-0.99986,-0.99986,-0.98583,-0.064768,1,-0.91807,-0.8905,-0.95222,0.015728,-0.9993,1
-0.9822,-0.92745,-0.77943,0.43957,0.14381,0.98683,-0.9997,-0.8474,0.09304,0.41598,0.40704,0.37168,-0.70715,0.91933,0.91827,-0.8474,-0.059516,-0.34786,-0.99664,-0.059516,-0.99987,-0.99988,-0.88268,-0.067059,-0.16028,-0.90895,-0.89026,-0.93208,-0.10465,-0.99801,1
-0.98629,-0.9442,-0.83687,0.11921,-0.040861,0.98615,-0.99963,-0.88182,0.043007,0.39257,0.38849,0.34133,-0.72064,0.91304,0.91276,-0.88182,-0.16941,-0.27276,-0.99558,-0.16941,-0.99985,-0.99986,-0.86363,-0.075166,-0.169,-0.90924,-0.89038,-0.93258,-0.14751,-0.99832,1
-0.95827,-0.87778,-0.85193,-0.28404,-0.037517,0.98442,-0.99956,-0.97515,0.0035607,0.36547,0.37598,0.32083,-0.73135,0.90821,0.90764,-0.97515,-0.74363,-0.6646,-0.97793,-0.74363,-0.9995,-0.99964,-0.7869,-0.077746,-0.20492,-0.91036,-0.88826,-0.93772,-0.1766,-0.99523,2
-0.99788,-0.99339,-0.84505,-0.15689,-0.015885,0.98505,-0.99969,-0.97216,0.00018692,0.35995,0.3752,0.32008,-0.73239,0.90799,0.90756,-0.97216,-0.69235,-0.65178,-0.98032,-0.69235,-0.99958,-0.99966,-0.77732,-0.08108,-0.18268,-0.90956,-0.88855,-0.93557,-0.17916,-0.99544,2
-0.91255,-0.89505,-0.22632,0.26383,0.66105,0.99151,-0.99981,-0.97617,0.10378,0.43217,0.39087,0.34641,-0.62888,0.91026,0.91026,-0.97617,-0.68564,-0.75394,-0.97697,-0.68564,-0.9999,-0.9999,-0.07933,-0.023031,-0.78352,-0.91472,-0.8905,-0.94471,-0.023079,-0.99315,2
-0.92137,-0.86326,-0.44314,0.35704,0.56619,0.99114,-0.9998,-0.98356,0.076346,0.40835,0.38389,0.33353,-0.67947,0.90995,0.90995,-0.98356,-0.72511,-0.79859,-0.96649,-0.72511,-0.99981,-0.99981,-0.19416,-0.031582,-0.67041,-0.91441,-0.8905,-0.94401,-0.05838,-0.99142,2
-0.87798,-0.79262,-0.60457,-0.052598,0.38836,0.98911,-0.99968,-0.97523,0.23,0.57588,0.41524,0.38418,-0.57549,0.91492,0.91492,-0.97523,-0.71226,-0.70674,-0.97785,-0.71226,-0.99982,-0.99982,-0.42862,0.060229,-0.6792,-0.91446,-0.8905,-0.94412,0.17951,-0.99441,2
-0.9705,-0.95234,-0.65982,-0.21856,0.30556,0.98836,-0.99962,-0.97703,0.15829,0.53787,0.40289,0.36579,-0.62547,0.91259,0.91243,-0.97703,-0.73469,-0.6787,-0.97609,-0.73469,-0.99981,-0.99982,-0.44278,0.024901,-0.67237,-0.91444,-0.89042,-0.94417,0.067762,-0.99498,2
-0.89686,-0.83725,-0.57841,-0.070282,0.38285,0.99338,-0.99994,-0.98733,-0.0021019,0.35697,0.37536,0.32197,-0.73141,0.90726,0.90721,-0.98733,-0.90576,-0.90231,-0.95644,-0.90576,-0.99928,-0.99948,-0.71542,-0.073915,-0.58359,-0.91413,-0.89001,-0.94399,-0.17743,-0.98128,2
-0.96239,-0.93461,-0.63206,-0.088113,0.33357,0.99211,-0.99995,-0.98601,-0.0069335,0.35236,0.37412,0.3181,-0.73391,0.90707,0.90706,-0.98601,-0.91088,-0.90598,-0.96055,-0.91088,-0.99933,-0.99943,-0.74361,-0.082781,-0.60706,-0.91421,-0.89026,-0.94388,-0.18572,-0.98051,2
-0.93577,-0.86316,-0.54672,0.38255,0.64462,0.99031,-0.99976,-0.97187,-0.0077793,0.35127,0.3737,0.31794,-0.7345,0.90704,0.90704,-0.97187,-0.58793,-0.70328,-0.98053,-0.58793,-0.9998,-0.99985,-0.55783,-0.085774,-0.45659,-0.91352,-0.88983,-0.94285,-0.18887,-0.99448,1
-0.91022,-0.69995,-0.70356,0.50541,0.40477,0.98934,-0.99987,-0.97812,-0.34301,0.14484,0.32071,0.26678,-0.83784,0.88032,0.88559,-0.97812,-0.71936,-0.81338,-0.97489,-0.71936,-0.99961,-0.99964,-0.71306,-0.29641,-0.26135,-0.91154,-0.88988,-0.93835,-0.47824,-0.99066,1
-0.99024,-0.97864,-0.56083,0.40896,0.51512,0.98856,-0.99964,-0.96259,-0.20963,0.21905,0.34899,0.29391,-0.83706,0.8991,0.8991,-0.96259,-0.37982,-0.56125,-0.98543,-0.37982,-0.9999,-0.9999,-0.36742,-0.14334,-0.56711,-0.91407,-0.8905,-0.94326,-0.35706,-0.99658,1
-0.99724,-0.99019,-0.79718,0.18784,0.08004,0.98623,-0.99978,-0.96361,-0.62004,-0.11851,0.26558,0.2139,-0.9252,0.85953,0.85953,-0.96361,-0.58218,-0.65366,-0.98501,-0.58218,-0.99973,-0.99973,-0.73818,-0.3444,-0.26962,-0.91167,-0.8905,-0.93789,-0.70358,-0.99541,1
-0.99708,-0.99449,-0.79022,-0.35639,0.098566,0.9861,-0.99974,-0.95482,0.10839,0.50622,0.41114,0.36165,-0.69593,0.91537,0.91149,-0.95482,-0.7145,-0.59018,-0.98798,-0.7145,-0.99964,-0.99979,-0.85117,-0.013798,-0.31857,-0.91215,-0.88834,-0.94165,-0.018911,-0.99627,1
-0.9732,-0.95911,-0.73449,-0.42301,0.079256,0.9856,-0.99981,-0.94696,-0.0051012,0.35586,0.37529,0.31913,-0.73368,0.90735,0.90714,-0.94696,-0.77764,-0.64941,-0.9898,-0.77764,-0.99958,-0.99982,-0.90401,-0.083338,-0.3184,-0.91103,-0.88641,-0.9415,-0.11227,-0.99548,1
-0.62226,-0.80486,-0.66429,-0.82363,0.20781,0.99302,-0.99996,-0.98539,-0.047916,0.21027,0.2905,0.23781,-0.75467,0.90543,0.90603,-0.98539,-0.98599,-0.94592,-0.96224,-0.98599,-0.99479,-0.99882,-0.97197,-0.58111,-0.56338,-0.91405,-0.88896,-0.9451,-0.2247,-0.96541,2
-0.74118,-0.8725,-0.67607,-0.84392,0.20785,0.98828,-0.99985,-0.86954,0.072599,0.66403,0.71173,0.66568,-0.68928,0.90999,0.909,-0.86954,-0.93644,-0.7352,-0.99602,-0.93644,-0.99896,-0.99976,-0.98769,0.13941,-0.61113,-0.91424,-0.88925,-0.94517,-0.097132,-0.9937,2
-0.98336,-0.97064,-0.42877,0.43442,0.61848,0.99109,-0.99988,-0.9662,0.053774,0.3909,0.38714,0.34072,-0.69532,0.90913,0.90913,-0.9662,-0.68439,-0.78043,-0.98384,-0.68439,-0.99983,-0.99983,-0.56637,-0.051242,-0.6598,-0.9144,-0.8905,-0.94399,-0.10975,-0.99221,1
-0.98534,-0.96771,-0.53552,0.48405,0.54628,0.99158,-0.99992,-0.97593,-0.0862,0.30231,0.35753,0.3021,-0.77435,0.90396,0.90396,-0.97593,-0.76409,-0.84102,-0.9772,-0.76409,-0.9997,-0.9997,-0.63546,-0.14417,-0.56772,-0.91407,-0.8905,-0.94326,-0.2562,-0.98887,1
-0.87876,-0.74603,-0.55814,0.32277,0.50061,0.99067,-0.99987,-0.97621,0.031674,0.37871,0.38115,0.33698,-0.72087,0.9095,0.90852,-0.97621,-0.74287,-0.80706,-0.97692,-0.74287,-0.9996,-0.99975,-0.72799,-0.058476,-0.34845,-0.91266,-0.88888,-0.9421,-0.096654,-0.991,1
-0.93414,-0.84375,-0.63278,0.27109,0.49101,0.99095,-0.99989,-0.9743,-0.047881,0.32241,0.36477,0.31979,-0.74759,0.90421,0.90537,-0.9743,-0.76803,-0.81938,-0.97866,-0.76803,-0.99952,-0.99968,-0.78937,-0.116,-0.30074,-0.91209,-0.88872,-0.94102,-0.13084,-0.99032,1
-0.99659,-0.99229,-0.68241,0.11637,0.37423,0.99279,-0.99995,-0.98737,0.0069358,0.36335,0.3776,0.32134,-0.73128,0.91843,0.90765,-0.98737,-0.90057,-0.91274,-0.9563,-0.90057,-0.99841,-0.99925,-0.87317,-0.05851,0.0035638,-0.87059,-0.84881,-0.89755,-0.17473,-0.97893,2
-0.99182,-0.98161,-0.63333,0.22647,0.4468,0.99707,-0.99995,-0.99429,-0.046632,0.32239,0.368,0.31214,-0.74337,-0.26328,0.90546,-0.99429,-0.92121,-0.93659,-0.90301,-0.92121,-0.99808,-0.99914,-0.7772,-0.17126,0.029054,1,1,1,-0.22431,-0.97064,2
-0.99896,-0.99864,-0.63448,-0.060378,0.34769,0.98897,-0.99988,-0.95125,0.030433,0.38784,0.38921,0.34235,-0.71031,0.90835,0.90835,-0.95125,-0.75292,-0.74629,-0.98888,-0.75292,-0.99978,-0.99978,-0.77029,-0.058237,-0.65666,-0.91439,-0.8905,-0.94396,-0.14216,-0.99338,2
-0.99643,-0.99295,-0.69555,-0.064941,0.27604,0.98833,-0.99991,-0.93612,-0.12863,0.23612,0.29866,0.24574,-0.7996,0.90246,0.90246,-0.93612,-0.7925,-0.78599,-0.99158,-0.7925,-0.99968,-0.99968,-0.87722,-0.1882,-0.59415,-0.91417,-0.8905,-0.94348,-0.2944,-0.99198,2
